Total Price 0
Member Items: 
1:  
2:  

Total Price 435
Member Items: 
1: 3 4 5 6  
2: 2 4 5  
3: 3 4 6  
4: 3 4 5  

Total Price 83
Member Items: 
1: 3  
2: 2 3  
3: 1 2 3  
4: 2 3 4  
5: 1 2 3 4  
6: 1 2 3 4  
7: 2 3 5  
8: 1 2 3 5  
9: 2 3 4 5  
10: 1 2 3 4 5  

Total Price 646
Member Items: 
1: 1  
2: 1  
3: 2  
4: 1 2  
5: 1 5  
6: 2 3  
7: 7  
8: 1 7  
9: 10  
10: 2 7  
11: 1 2 7  
12: 2 10  
13: 2 3 7  
14: 1 2 3 7  
15: 1 2 5 9  
16: 1 2 5 10  
17: 1 7 10  
18: 1 2 3 5 9  
19: 1 2 3 5 10  
20: 1 2 7 10  
21: 1 2 3 4 5 9  
22: 1 2 3 4 5 10  
23: 1 2 3 7 10  
24: 1 2 5 9 10  
25: 1 2 3 5 6 10  
26: 1 2 3 4 7 10  
27: 1 2 3 5 9 10  
28: 1 2 3 4 5 6 10  
29: 2 3 4 5 7 10  
30: 1 2 5 7 8 10  

